41 0.434722 0.678125 0.347222 0.552083 0.68357
41 0.720139 0.644792 0.268056 0.514583 0.795231
39 0.172222 0.553125 0.219444 0.79375 0.875258
41 0.4375 0.682292 0.344444 0.55625 0.72342
41 0.720833 0.647917 0.263889 0.520833 0.818781
39 0.172917 0.548958 0.218056 0.785417 0.883847
41 0.440278 0.682292 0.341667 0.55625 0.690545
41 0.720833 0.646875 0.263889 0.51875 0.823566
39 0.172917 0.548958 0.218056 0.78125 0.878382
41 0.4375 0.682292 0.344444 0.55625 0.699177
41 0.720833 0.647917 0.263889 0.520833 0.822788
39 0.172917 0.55 0.218056 0.783333 0.886524
41 0.436806 0.680208 0.345833 0.552083 0.729729
41 0.720139 0.644792 0.268056 0.510417 0.808473
39 0.172222 0.548958 0.219444 0.785417 0.889734
41 0.436111 0.680208 0.347222 0.55625 0.717886
41 0.720139 0.64375 0.268056 0.508333 0.815329
39 0.172222 0.548958 0.219444 0.785417 0.892029
41 0.435417 0.68125 0.345833 0.554167 0.682716
41 0.719444 0.64375 0.266667 0.508333 0.811465
39 0.171528 0.551042 0.218056 0.78125 0.887089
41 0.446528 0.680208 0.320833 0.552083 0.659168
41 0.720139 0.646875 0.265278 0.51875 0.795987
39 0.194444 0.552083 0.219444 0.795833 0.865255
41 0.451389 0.680208 0.311111 0.552083 0.660399
41 0.720139 0.647917 0.265278 0.520833 0.814307
39 0.195139 0.551042 0.218056 0.797917 0.862156
41 0.450694 0.68125 0.3125 0.554167 0.644682
41 0.720833 0.646875 0.263889 0.51875 0.804975
39 0.195139 0.55 0.218056 0.795833 0.867537
41 0.449306 0.68125 0.315278 0.554167 0.638223
41 0.720139 0.646875 0.265278 0.51875 0.806319
39 0.195139 0.55 0.218056 0.795833 0.86709
41 0.446528 0.680208 0.318056 0.55625 0.627224
41 0.718056 0.646875 0.263889 0.51875 0.804376
39 0.192361 0.551042 0.220833 0.789583 0.822855
41 0.446528 0.680208 0.320833 0.55625 0.640918
41 0.718056 0.646875 0.261111 0.51875 0.800852
39 0.191667 0.551042 0.219444 0.789583 0.831857
41 0.445833 0.680208 0.319444 0.55625 0.652109
41 0.718056 0.645833 0.263889 0.516667 0.804285
39 0.191667 0.55 0.219444 0.791667 0.829502
41 0.444444 0.680208 0.325 0.55625 0.662353
41 0.717361 0.64375 0.2625 0.5125 0.792258
39 0.191667 0.552083 0.219444 0.7875 0.828469
41 0.442361 0.680208 0.326389 0.55625 0.646452
41 0.71875 0.644792 0.2625 0.514583 0.792634
39 0.191667 0.551042 0.219444 0.789583 0.828466
41 0.446528 0.680208 0.318056 0.552083 0.668894
41 0.718056 0.645833 0.263889 0.516667 0.805944
39 0.192361 0.551042 0.220833 0.789583 0.834129
41 0.445139 0.679167 0.323611 0.554167 0.656559
41 0.718056 0.644792 0.263889 0.514583 0.797551
39 0.191667 0.551042 0.219444 0.789583 0.830385
41 0.444444 0.679167 0.322222 0.554167 0.642955
41 0.718056 0.644792 0.263889 0.514583 0.796622
39 0.191667 0.551042 0.219444 0.789583 0.835698
41 0.445833 0.679167 0.322222 0.554167 0.658707
41 0.718056 0.645833 0.263889 0.516667 0.794217
39 0.191667 0.551042 0.219444 0.789583 0.832648
41 0.443056 0.679167 0.327778 0.554167 0.656349
41 0.718056 0.64375 0.263889 0.5125 0.789962
39 0.192361 0.551042 0.220833 0.79375 0.824855
41 0.44375 0.679167 0.326389 0.554167 0.675805
41 0.718056 0.644792 0.263889 0.514583 0.786195
39 0.191667 0.551042 0.219444 0.79375 0.827615
41 0.441667 0.679167 0.327778 0.554167 0.665811
41 0.718056 0.644792 0.263889 0.514583 0.787062
39 0.192361 0.552083 0.220833 0.791667 0.831574
