      0/99        0G    0.1054   0.09026   0.06882    0.2645        50       416         0         0         0         0   0.08945   0.05667   0.06738
      1/99        0G   0.09723    0.1126   0.06774    0.2775       142       416         0         0         0         0     0.086   0.05934   0.06657
      2/99        0G   0.09557    0.1055   0.06685    0.2679       167       416 0.0004981   0.02739 0.0001183 1.291e-05   0.08454   0.06149    0.0659
      3/99        0G   0.09355    0.1025   0.06609    0.2622        58       416 0.0002278   0.03463 0.0004902 8.823e-05   0.08335   0.06296   0.06517
      4/99        0G    0.0937    0.1059   0.06526    0.2648       147       416   0.02404    0.1037  0.007359  0.001325   0.08295   0.06235   0.06462
      5/99        0G   0.09304    0.1036   0.06445    0.2611       113       416   0.04245    0.1542   0.02443  0.006308    0.0822   0.05771   0.06369
      6/99        0G   0.09017    0.0968   0.06324    0.2502        95       416   0.02121    0.1802   0.02924  0.008234   0.07687   0.05099   0.06204
      7/99        0G    0.0846   0.08308   0.06241    0.2301       202       416   0.03149    0.3116   0.06371   0.01451   0.07018   0.04219   0.06108
      8/99        0G   0.07642   0.07584   0.06197    0.2142       140       416    0.2187    0.1541     0.041   0.01158   0.06873   0.06424   0.06114
      9/99        0G   0.07167    0.0728   0.06063    0.2051       151       416   0.05262    0.5746    0.1572   0.04514   0.05594   0.03767   0.05907
     10/99        0G   0.06705   0.06753   0.05982    0.1944       152       416   0.06944    0.5176    0.1404   0.05398   0.05076   0.03124   0.05784
     11/99        0G   0.06592   0.07189   0.05869    0.1965       177       416    0.1645    0.5195    0.1863    0.0664   0.05452   0.03405   0.05603
     12/99        0G   0.06359   0.06544   0.05711    0.1861       160       416   0.07678    0.5539    0.1618   0.05998   0.05621   0.03203   0.05456
     13/99        0G   0.06726   0.06341   0.05637     0.187       146       416    0.1784    0.5785    0.2575    0.1119   0.05191   0.02979   0.05225
     14/99        0G   0.06472   0.06321    0.0542    0.1821       121       416    0.2465    0.2359   0.09304   0.02772   0.06241   0.09043   0.05124
     15/99        0G   0.06411   0.06017   0.05281    0.1771       101       416    0.2452    0.4684    0.3058    0.1134   0.04995   0.02821   0.04995
     16/99        0G   0.06257   0.06023   0.05169    0.1745        80       416    0.2825    0.5619    0.3781    0.1794   0.04484   0.03117   0.04913
     17/99        0G   0.05894   0.06054   0.05047      0.17        99       416    0.2934     0.579    0.3676    0.1811   0.04175   0.02891   0.04718
     18/99        0G   0.05864    0.0602    0.0492     0.168       158       416    0.2546    0.6401     0.369    0.1695   0.04368   0.02489   0.04651
     19/99        0G   0.05673   0.05776   0.04906    0.1636       140       416    0.2852    0.4699    0.3436    0.1629   0.04412   0.02454   0.04463
     20/99        0G   0.05501   0.05686   0.04808    0.1599        96       416    0.1939    0.6823    0.3593    0.1127   0.04579   0.02333   0.04369
     21/99        0G   0.05519   0.05669   0.04755    0.1594       178       416    0.2775    0.5715    0.4219    0.2041   0.03733   0.02316   0.04452
     22/99        0G   0.05734   0.06016   0.04707    0.1646       122       416    0.5686    0.3529    0.3892    0.1463   0.04804   0.04091   0.04324
     23/99        0G    0.0576   0.05852   0.04599    0.1621       131       416    0.1812    0.6906    0.3803    0.1961   0.04562   0.02312    0.0411
     24/99        0G    0.0554   0.05512   0.04563    0.1561       127       416    0.3739    0.5556     0.418     0.203   0.03854   0.02779   0.04366
     25/99        0G   0.05347   0.05807   0.04493    0.1565        98       416     0.259    0.5986     0.431    0.2407   0.04179   0.02515   0.04067
     26/99        0G   0.05332   0.05535   0.04322    0.1519        68       416    0.2642    0.2771    0.2176    0.1138   0.03926   0.06683   0.04199
     27/99        0G   0.05106   0.05264   0.04287    0.1466       120       416    0.2282    0.3679    0.2725    0.1103   0.05709    0.1123   0.04118
     28/99        0G   0.04919   0.05517   0.04192    0.1463       126       416    0.2457     0.843    0.4422    0.2503   0.05272   0.02182   0.04591
     29/99        0G   0.04767   0.05272   0.04074    0.1411       154       416    0.2045    0.7681    0.4523    0.2621   0.03323   0.02003   0.03562
     30/99        0G   0.04687   0.05227   0.03943    0.1386        84       416    0.2507    0.9293    0.5207    0.3146   0.03083   0.02123   0.03398
     31/99        0G   0.04462   0.05194   0.03784    0.1344       115       416    0.3026    0.9003    0.5713    0.3155   0.03403   0.01907   0.03123
     32/99        0G   0.04339   0.04928    0.0366    0.1293       101       416    0.3682    0.7224    0.5962    0.3225   0.03621    0.0195    0.0296
     33/99        0G   0.04431   0.04788   0.03604    0.1282       117       416    0.3769    0.7737    0.5566    0.2635    0.0348   0.01936   0.02945
     34/99        0G   0.04224   0.04925   0.03423    0.1257       156       416    0.4148    0.7573    0.6043    0.3969   0.03069   0.01842   0.02835
     35/99        0G   0.04188   0.05001   0.03363    0.1255        85       416     0.384    0.8551    0.5751    0.3086   0.03302   0.01854   0.02641
     36/99        0G   0.04337   0.04555   0.03309     0.122       107       416    0.4038    0.9131    0.6235     0.417   0.02933   0.01839   0.02656
     37/99        0G   0.04258   0.04948   0.03226    0.1243       103       416    0.4057     0.839    0.5834    0.3435   0.02938   0.01877   0.02601
     38/99        0G   0.04131   0.04911   0.03141    0.1218       133       416    0.4496    0.8116     0.621    0.3401   0.03124   0.01828   0.02456
     39/99        0G   0.04171    0.0478   0.03118    0.1207        89       416    0.4519    0.8915    0.6146    0.3651      0.03   0.01839   0.02371
     40/99        0G   0.03962   0.04736    0.0302    0.1172       164       416    0.4777    0.8093    0.6259    0.3509   0.03086    0.0182   0.02312
     41/99        0G   0.03945   0.04753   0.02945    0.1164       138       416    0.4426    0.9132    0.6304    0.4042   0.02798   0.01739   0.02248
     42/99        0G   0.03947    0.0465   0.02894    0.1149       132       416    0.4627    0.8427     0.632    0.4258   0.02753   0.01707    0.0223
     43/99        0G   0.03802   0.04581   0.02839    0.1122       134       416    0.6647    0.7485    0.6476     0.421   0.02631   0.01764    0.0221
     44/99        0G   0.03825   0.04702   0.02837    0.1136       110       416    0.4509    0.9783    0.6395    0.4263   0.02574   0.01706   0.02159
     45/99        0G   0.03664   0.04648    0.0276    0.1107       236       416    0.4519    0.9686    0.6736    0.4685   0.02355   0.01678    0.0206
     46/99        0G   0.04003   0.04689   0.02715    0.1141       174       416    0.4467    0.9412    0.6501    0.3819   0.02945   0.01749   0.02095
     47/99        0G   0.03797   0.04554   0.02674    0.1102       100       416    0.4701    0.9745    0.7004    0.4461   0.02866   0.01761   0.02051
     48/99        0G   0.03823   0.04657   0.02698    0.1118        70       416     0.456    0.9624    0.6537    0.4391   0.02482   0.01681   0.02013
     49/99        0G   0.03772   0.04621   0.02606      0.11       170       416    0.4818    0.9659    0.6661     0.464   0.02509   0.01668   0.01903
     50/99        0G   0.03571    0.0479   0.02557    0.1092        98       416    0.7545     0.661    0.6879    0.4753   0.02495   0.01689   0.01937
     51/99        0G   0.03573   0.04513   0.02526    0.1061       128       416    0.4772     0.977      0.68      0.48   0.02366   0.01653   0.01954
     52/99        0G   0.03481   0.04487   0.02464    0.1043       133       416    0.4777    0.9664    0.6727    0.4758   0.02433   0.01615   0.01855
     53/99        0G   0.03559   0.04386   0.02424    0.1037       149       416    0.5004    0.9666    0.7204    0.5204   0.02281    0.0162   0.01813
     54/99        0G   0.03475   0.04508   0.02375    0.1036       119       416    0.5119    0.9579    0.7585     0.559   0.02342   0.01607    0.0176
     55/99        0G   0.03477   0.04424   0.02329    0.1023       111       416     0.505    0.9533    0.7334    0.5174   0.02321   0.01648   0.01759
     56/99        0G   0.03585   0.04398   0.02318     0.103       120       416    0.5691    0.8897    0.7475     0.526   0.02358   0.01633   0.01748
     57/99        0G   0.03576   0.04397   0.02336    0.1031       131       416    0.5754    0.9092    0.8187    0.5818    0.0235   0.01715   0.01693
     58/99        0G   0.03386   0.04542   0.02276     0.102       156       416    0.5921    0.9366    0.7904     0.585   0.02305   0.01598   0.01637
     59/99        0G   0.03566   0.04578   0.02235    0.1038        59       416    0.7074    0.8523    0.8073    0.5719   0.02282   0.01638   0.01609
     60/99        0G   0.03399    0.0433    0.0221   0.09938       118       416    0.6114    0.9205    0.8225    0.5744   0.02438     0.016   0.01582
     61/99        0G   0.03314   0.04248    0.0217   0.09732       126       416    0.8105    0.7465    0.8176    0.5636   0.02486   0.01615   0.01597
     62/99        0G   0.03485   0.04198   0.02158   0.09841       136       416    0.6874    0.9164    0.8472    0.5646   0.02548   0.01648   0.01474
     63/99        0G   0.03251   0.04393   0.02107   0.09751       161       416    0.6328    0.9689    0.8461    0.6171   0.02163   0.01635   0.01501
     64/99        0G   0.03304   0.04252   0.02046   0.09602       114       416    0.6403    0.9564    0.8541    0.6175   0.02196   0.01574   0.01432
     65/99        0G   0.03269   0.04197   0.02045   0.09511       105       416    0.6882    0.9301    0.8609    0.6391   0.02188   0.01585   0.01406
     66/99        0G   0.03209   0.04009   0.02015   0.09233       117       416    0.6995    0.8977    0.8492     0.584   0.02432   0.01631   0.01419
     67/99        0G   0.03204   0.04215   0.01998   0.09417       147       416    0.7466    0.8671    0.8766    0.6545   0.02082    0.0154     0.014
     68/99        0G   0.03255   0.04396   0.01981   0.09632       128       416    0.7681     0.897    0.8793    0.6302   0.02221   0.01568   0.01333
     69/99        0G   0.03215   0.04251   0.02011   0.09476       118       416    0.7326    0.9359     0.887     0.647    0.0224   0.01541   0.01337
     70/99        0G    0.0328   0.04267   0.01915   0.09462       117       416    0.7052    0.9131      0.88    0.6421   0.02188   0.01561   0.01312
     71/99        0G   0.03141    0.0431   0.01859    0.0931       155       416    0.8362    0.8391    0.9072    0.6503   0.02287   0.01555   0.01276
     72/99        0G    0.0308   0.04295   0.01835    0.0921        88       416    0.7191    0.9471     0.885    0.6361   0.02159   0.01566    0.0131
     73/99        0G   0.03113   0.04424   0.01899   0.09435       108       416    0.7733    0.9484    0.9126    0.6765   0.02057   0.01536   0.01218
     74/99        0G   0.03067   0.04467   0.01849   0.09384       144       416    0.8143    0.9405    0.9373     0.663   0.02218   0.01562   0.01184
     75/99        0G   0.03109    0.0423   0.01812    0.0915       127       416    0.8517     0.927    0.9417     0.688   0.02064   0.01521   0.01188
     76/99        0G   0.03212   0.04117   0.01763   0.09092       143       416     0.834    0.9437    0.9368    0.6815   0.02149   0.01549   0.01141
     77/99        0G    0.0302    0.0416   0.01772   0.08952       115       416    0.8299    0.9433    0.9449    0.7127   0.02005    0.0151   0.01112
     78/99        0G   0.02969   0.04037   0.01665   0.08671       176       416    0.8713    0.9186    0.9477     0.716   0.01996   0.01492   0.01094
     79/99        0G   0.03029   0.04488   0.01713    0.0923       177       416     0.873    0.9272    0.9515    0.6913   0.02066   0.01542   0.01093
     80/99        0G   0.03032   0.04007   0.01636   0.08675       172       416     0.896    0.9346    0.9478    0.6846   0.02123    0.0153   0.01082
     81/99        0G   0.02937   0.04119   0.01663   0.08718       126       416    0.9151    0.9123    0.9499    0.7236   0.01926   0.01484   0.01064
     82/99        0G   0.02948   0.03974   0.01654   0.08577       129       416    0.8746    0.9224    0.9502    0.7113    0.0198   0.01509   0.01031
     83/99        0G   0.02931   0.04012   0.01625   0.08568        56       416    0.9202    0.9338    0.9508    0.7098   0.02011   0.01513   0.01042
     84/99        0G   0.02907   0.03922   0.01646   0.08475       106       416    0.9205    0.9106    0.9613    0.7226   0.01993   0.01524   0.01071
     85/99        0G   0.02876   0.04091   0.01546   0.08514        90       416    0.9167    0.9385    0.9622    0.7274   0.01929   0.01515  0.009607
     86/99        0G   0.02976   0.03918   0.01579   0.08473        92       416    0.9019    0.9237    0.9555      0.71   0.01999   0.01528  0.009849
     87/99        0G    0.0291   0.04154   0.01582   0.08646       119       416    0.9216    0.9463    0.9623    0.7426   0.01881   0.01494  0.009422
     88/99        0G   0.02872   0.03992   0.01522   0.08386       126       416    0.9115     0.957    0.9722    0.7417   0.01899   0.01478  0.009301
     89/99        0G   0.02894   0.04196    0.0152    0.0861       136       416    0.9556    0.9361    0.9692    0.7373   0.01929   0.01487  0.009153
     90/99        0G   0.02846   0.04068   0.01519   0.08434       139       416    0.9183    0.9419    0.9624    0.7366   0.01935   0.01483   0.00919
     91/99        0G   0.02863   0.04048     0.015   0.08412       105       416    0.9123     0.939    0.9599    0.7206   0.01956   0.01502  0.009446
     92/99        0G   0.02893   0.04331   0.01489   0.08713       196       416    0.9296     0.943    0.9625    0.6945   0.02132   0.01539  0.009358
     93/99        0G   0.02828     0.038   0.01493   0.08121       144       416    0.9267    0.9578      0.97    0.7271   0.01961   0.01494  0.009017
     94/99        0G   0.02823   0.03906    0.0145   0.08179        67       416    0.9408    0.9293    0.9643    0.7395   0.01959   0.01493  0.008971
     95/99        0G   0.02836   0.03942   0.01457   0.08235       136       416    0.9595    0.9351    0.9634    0.7209   0.01963     0.015   0.00881
     96/99        0G   0.02785   0.03833   0.01428   0.08046        59       416    0.9304    0.9416    0.9694    0.7304   0.01937   0.01489  0.008467
     97/99        0G   0.02865   0.04199   0.01455   0.08519       216       416    0.9406    0.9404    0.9687    0.7303   0.01978   0.01483  0.008339
     98/99        0G   0.02889   0.04049   0.01454   0.08392       115       416    0.9396      0.94    0.9716    0.7295   0.01995     0.015  0.008178
     99/99        0G   0.02809   0.04137     0.014   0.08346       168       416    0.9307    0.9387    0.9648    0.7306   0.01901    0.0149  0.008412
